function [z,sigmaX_exp,sigmaY_exp] = getExperimentalData_8MeV_NO_DIF
% Experimental data of the 8 MeV irradiation with no diffusor from 19/02/2020

%% Experimental data
z = [5.1 6.6 8.1 9.6 11.1 12.6];
sigmaX_exp = [0.4751 0.6395 0.8991 1.0751 1.2551 1.4783; 0.0143 0.0220 0.0239 0.0165 0.0087 0.0255]';
sigmaY_exp = [0.5826 0.7317 0.9592 1.1505 1.3370 1.5052; 0.0156 0.0208 0.0220 0.0179 0.0235 0.0309]';
