function [z,sigmaX_exp,sigmaY_exp] = getExperimentalData_3MeV_R12
% Experimental data form the R12 of 3 MeV from 06/02/2020

%% Experimental data
z = [4.9000 6.4000 7.9000 9.4000 10.9000];
sigmaX_exp = [1.1213 1.5208 2.1003 2.5578 3.0605; 0.0171 0.0182 0.0209 0.0223 0.0331]';
sigmaY_exp = [1.1188 1.5962 2.1149 2.6694 3.1227; 0.0209 0.0201 0.0214 0.0281 0.0709]';

end
